2 0.35703125 0.26171875 0.13984375 0.08125
2 0.7078125 0.24921875 0.14140625 0.0875
1 0.0953125 0.171875 0.10234375 0.09765625
1 0.38828125 0.3765625 0.13984375 0.0890625
3 0.3265625 0.49765625 0.3 0.34609375
0 0.26953125 0.9015625 0.13984375 0.065625
0 0.434375 0.88359375 0.16484375 0.0578125
0 0.55546875 0.84609375 0.14140625 0.07890625
0 0.796875 0.85 0.09609375 0.07890625
1 0.55625 0.56484375 0.09375 0.059375
1 0.7796875 0.53984375 0.10546875 0.04921875
3 0.68203125 0.47109375 0.26796875 0.30234375